%YAML:1.0
R: !!opencv-matrix
   rows: 3
   cols: 3
   dt: d
   data: [ 9.9863715454167512e-01, -1.5683981501624564e-02,
       -4.9777969958237765e-02, 1.5681503716815117e-02,
       9.9987694069949140e-01, -4.4033919332640641e-04,
       4.9778750587836547e-02, -3.4085434185893312e-04,
       9.9876021136618753e-01 ]
T: !!opencv-matrix
   rows: 3
   cols: 1
   dt: d
   data: [ -4.0301592858402868e+00, -3.3902531645239813e-02,
       -1.9965680941307887e-01 ]
R1: !!opencv-matrix
   rows: 3
   cols: 3
   dt: d
   data: [ 9.9997345111758174e-01, -7.2805104704778160e-03,
       -3.0203854530700888e-04, 7.2804758854472596e-03,
       9.9997349032002281e-01, -1.1544727217876510e-04,
       3.0287105343571735e-04, 1.1324522283714785e-04,
       9.9999994772232093e-01 ]
R2: !!opencv-matrix
   rows: 3
   cols: 3
   dt: d
   data: [ 9.9873986409845650e-01, 8.4016058538739623e-03,
       4.9478246529892710e-02, -8.4072652714953268e-03,
       9.9996465392739342e-01, -9.3736454619893663e-05,
       -4.9477285204944280e-02, -3.2235840979708691e-04,
       9.9877519709582507e-01 ]
P1: !!opencv-matrix
   rows: 3
   cols: 4
   dt: d
   data: [ 7.1713973382277266e+02, 0., 2.9803038406372070e+02, 0., 0.,
       7.1713973382277266e+02, 2.4961221122741699e+02, 0., 0., 0., 1.,
       0. ]
P2: !!opencv-matrix
   rows: 3
   cols: 4
   dt: d
   data: [ 7.1713973382277266e+02, 0., 2.9803038406372070e+02,
       -2.8938339816042048e+03, 0., 7.1713973382277266e+02,
       2.4961221122741699e+02, 0., 0., 0., 1., 0. ]
Q: !!opencv-matrix
   rows: 4
   cols: 4
   dt: d
   data: [ 1., 0., 0., -2.9803038406372070e+02, 0., 1., 0.,
       -2.4961221122741699e+02, 0., 0., 0., 7.1713973382277266e+02, 0.,
       0., 2.4781647405537210e-01, 0. ]
