%YAML:1.0
M1: !!opencv-matrix
   rows: 3
   cols: 3
   dt: d
   data: [ 7.9891836064442384e+02, 0., 3.2338994689949504e+02, 0.,
       7.9891836064442384e+02, 2.4862690979775206e+02, 0., 0., 1. ]
D1: !!opencv-matrix
   rows: 1
   cols: 8
   dt: d
   data: [ 3.2325903752431734e-03, -2.8934473959939011e-01, 0., 0., 0.,
       0., 0., -1.7572415061097018e+00 ]
M2: !!opencv-matrix
   rows: 3
   cols: 3
   dt: d
   data: [ 7.9891836064442384e+02, 0., 3.1894915256517123e+02, 0.,
       7.9891836064442384e+02, 2.4942654488620798e+02, 0., 0., 1. ]
D2: !!opencv-matrix
   rows: 1
   cols: 8
   dt: d
   data: [ -1.4723662924918930e-02, 1.6216221262992839e-01, 0., 0., 0.,
       0., 0., 2.2539664744018997e+00 ]
