%YAML:1.0
R: !!opencv-matrix
   rows: 3
   cols: 3
   dt: d
   data: [ 9.9791126536787622e-01, -9.8281267790856219e-03,
       6.3847587079688656e-02, 5.8551875237905929e-03,
       9.9805169914593772e-01, 6.2117007421219964e-02,
       -6.4333686595324624e-02, -6.1613421881282243e-02,
       9.9602457952258072e-01 ]
T: !!opencv-matrix
   rows: 3
   cols: 1
   dt: d
   data: [ -2.1674004781109261e+02, -5.4407102919959378e+01,
       -1.2001818665135993e+01 ]
R1: !!opencv-matrix
   rows: 3
   cols: 3
   dt: d
   data: [ 9.6446264280016225e-01, 2.2982380859209267e-01,
       1.3035654048474737e-01, -2.3325177220501772e-01,
       9.7234886309620905e-01, 1.1458586244742374e-02,
       -1.2411857800565143e-01, -4.1457272458940285e-02,
       9.9140096487451546e-01 ]
R2: !!opencv-matrix
   rows: 3
   cols: 3
   dt: d
   data: [ 9.6851234931906738e-01, 2.4312051049551012e-01,
       5.3630649752386808e-02, -2.4158933596734689e-01,
       9.6980047519607659e-01, -3.3490760760547543e-02,
       -6.0153320467926395e-02, 1.9479622323504260e-02,
       9.9799905929355293e-01 ]
P1: !!opencv-matrix
   rows: 3
   cols: 4
   dt: d
   data: [ 9.3349249034910281e+02, 0., 1.1865690803527832e+02, 0., 0.,
       9.3349249034910281e+02, 2.2488605976104736e+02, 0., 0., 0., 1.,
       0. ]
P2: !!opencv-matrix
   rows: 3
   cols: 4
   dt: d
   data: [ 9.3349249034910281e+02, 0., 1.9727526855468750e+02,
       -2.0890307401016555e+05, 0., 9.3349249034910281e+02,
       2.2488605976104736e+02, 0., 0., 0., 1., 0. ]
Q: !!opencv-matrix
   rows: 4
   cols: 4
   dt: d
   data: [ 1., 0., 0., -1.1865690803527832e+02, 0., 1., 0.,
       -2.2488605976104736e+02, 0., 0., 0., 9.3349249034910281e+02, 0.,
       0., -4.4685435806640049e-03, 3.5130957022133436e-01 ]
