%YAML:1.0
M1: !!opencv-matrix
   rows: 3
   cols: 3
   dt: d
   data: [ 7.9893347744659843e+02, 0., 3.2338773627314043e+02, 0.,
       7.9893347744659843e+02, 2.4862209770222356e+02, 0., 0., 1. ]
D1: !!opencv-matrix
   rows: 1
   cols: 5
   dt: d
   data: [ 3.9067009345290686e-03, -3.0216264719961689e-01, 0., 0.,
       1.8224159749538464e+00 ]
M2: !!opencv-matrix
   rows: 3
   cols: 3
   dt: d
   data: [ 7.9893347744659843e+02, 0., 3.1894672357272827e+02, 0.,
       7.9893347744659843e+02, 2.4942665560999706e+02, 0., 0., 1. ]
D2: !!opencv-matrix
   rows: 1
   cols: 5
   dt: d
   data: [ -1.4931753005099732e-02, 1.6512885010699410e-01, 0., 0.,
       -2.2582138054591510e+00 ]
