%YAML:1.0
M1: !!opencv-matrix
   rows: 3
   cols: 3
   dt: d
   data: [ 9.3349249034910281e+02, 0., 2.6552947067823720e+02, 0.,
       9.3349249034910281e+02, 1.9921657390043686e+02, 0., 0., 1. ]
D1: !!opencv-matrix
   rows: 1
   cols: 5
   dt: d
   data: [ 0., 0., 0., 0., 0. ]
M2: !!opencv-matrix
   rows: 3
   cols: 3
   dt: d
   data: [ 9.3349249034910281e+02, 0., 2.6227249827345753e+02, 0.,
       9.3349249034910281e+02, 1.9844941738541951e+02, 0., 0., 1. ]
D2: !!opencv-matrix
   rows: 1
   cols: 5
   dt: d
   data: [ 0., 0., 0., 0., 0. ]
