%YAML:1.0
R: !!opencv-matrix
   rows: 3
   cols: 3
   dt: d
   data: [ 9.9863701877485478e-01, -1.5684169854791100e-02,
       -4.9780634271134903e-02, 1.5681091310715409e-02,
       9.9987694177627429e-01, -4.5241510817990114e-04,
       4.9781604110107118e-02, -3.2881619662951850e-04,
       9.9876007317680326e-01 ]
T: !!opencv-matrix
   rows: 3
   cols: 1
   dt: d
   data: [ -1.0236265699299000e+02, -8.5652619365311555e-01,
       -5.0802882966295124e+00 ]
R1: !!opencv-matrix
   rows: 3
   cols: 3
   dt: d
   data: [ 9.9997315095715289e-01, -7.3246822125007383e-03,
       -2.1539570376893913e-04, 7.3246560366842534e-03,
       9.9997316689726268e-01, -1.2206311206404568e-04,
       2.1628399753963190e-04, 1.2048213534444033e-04,
       9.9999996935264324e-01 ]
R2: !!opencv-matrix
   rows: 3
   cols: 3
   dt: d
   data: [ 9.9873581042145509e-01, 8.3569868865746161e-03,
       4.9567547366971824e-02, -8.3629999526841619e-03,
       9.9996502579889779e-01, -8.6086009147070026e-05,
       -4.9566533201251636e-02, -3.2855621617319998e-04,
       9.9877076991531044e-01 ]
P1: !!opencv-matrix
   rows: 3
   cols: 4
   dt: d
   data: [ 7.1619579175607009e+02, 0., 2.9792728042602539e+02, 0., 0.,
       7.1619579175607009e+02, 2.4968614578247070e+02, 0., 0., 0., 1.,
       0. ]
P2: !!opencv-matrix
   rows: 3
   cols: 4
   dt: d
   data: [ 7.1619579175607009e+02, 0., 2.9792728042602539e+02,
       -7.3404501377008593e+04, 0., 7.1619579175607009e+02,
       2.4968614578247070e+02, 0., 0., 0., 1., 0. ]
Q: !!opencv-matrix
   rows: 4
   cols: 4
   dt: d
   data: [ 1., 0., 0., -2.9792728042602539e+02, 0., 1., 0.,
       -2.4968614578247070e+02, 0., 0., 0., 7.1619579175607009e+02, 0.,
       0., -9.7568375007093706e-03, 0. ]
Roi1: [ 13, 32, 564, 421 ]
Roi2: [ 51, 29, 579, 428 ]
